1	69.04
2	21.88
3	53.39
4	0.3631
5	-45.51
6	-59.39
7	-95.17
8	15.81
9	-36.8
10	-27.73
11	-69.91
12	-95.72
13	-16.99
14	-6.682
15	23.47
16	95.07
17	76.21
18	73.5
19	76.36
20	66.45
21	-3.369
22	2.618
23	-8.304
24	-59.73
25	91.71
26	-67.2
27	93.17
28	86.34
29	-16.5
30	78.24
31	47.84
32	20.48
33	65.34
34	78.18
35	-8.885
36	53.1
37	-71.55
38	80.51
39	85.93
40	-85.31
41	-26.47
42	32.67
43	17.3
44	81.99
45	-56.43
46	81.75
47	32.3
48	89.3
49	64.3
50	62.43
51	62.72
52	62.29
53	59.88
54	52.89
55	48.75
56	47.99
57	47.33
58	44.67
59	43.36
60	42.36
61	39.61
62	40.68
63	38.4
64	39.19
65	38.28
66	36.07
67	34.09
68	33.59
69	33.64
70	31.2
71	27.92
72	27.34
73	25.97
74	25.62
75	24.11
76	22.37
77	19.56
78	18.8
79	18.74
80	18.71
81	18.63
82	17.31
83	17.3
84	17.13
85	16.95
86	16.73
87	14.65
88	13.63
89	13.65
90	13.44
91	13.25
92	12.92
93	12.62
94	12.39
95	11.6
96	11.61
97	11.58
98	10.71
99	10.11
100	9.718
101	8.886
102	8.01
103	7.933
104	7.582
105	7.477
106	6.951
107	6.248
108	6.4
109	6.013
110	6.025
111	5.924
112	5.947
113	5.887
114	5.832
115	5.659
116	5.595
117	5.371
118	5.173
119	5.183
120	4.923
121	5.183
122	5.291
123	4.804
124	4.452
125	4.29
126	4.159
127	4.122
128	4.058
129	4.031
130	3.986
131	3.833
132	3.302
133	3.228
134	2.717
135	1.955
136	1.864
137	1.964
138	1.651
139	1.354
140	1.521
141	1.476
142	1.369
143	0.9083
144	0.4306
145	0.1769
146	0.2419
147	-0.132
148	-0.3667
149	-0.5104
150	-0.6435
151	-0.8005
152	-0.9358
153	-0.9844
154	-1.214
155	-1.719
156	-1.556
157	-1.399
158	-1.457
159	-1.475
160	-1.633
161	-1.494
162	-1.591
163	-2.446
164	-2.533
165	-2.577
166	-2.736
167	-2.85
168	-3.003
169	-2.947
170	-3.726
171	-3.652
172	-3.49
173	-3.918
174	-3.692
175	-4.234
176	-4.172
177	-4.34
178	-4.636
179	-4.881
180	-5.498
181	-5.278
182	-5.28
183	-5.399
184	-5.44
185	-5.359
186	-5.308
187	-5.46
188	-5.636
189	-5.724
190	-5.487
191	-5.276
192	-5.334
193	-5.043
194	-5.548
195	-5.893
196	-5.808
197	-5.893
198	-5.99
199	-5.846
200	-5.989
201	-5.902
202	-5.914
203	-5.914
204	-5.855
205	-5.678
206	-5.723
207	-5.56
208	-5.682
209	-5.88
210	-5.843
211	-6.168
212	-5.814
213	-5.906
214	-6.185
215	-6.231
216	-6.534
217	-6.247
218	-6.034
219	-6.05
220	-6.68
221	-6.844
222	-7.477
223	-7.805
224	-7.913
225	-7.866
226	-8.247
227	-7.991
228	-8.081
229	-8.253
230	-8.318
231	-7.962
232	-8.095
233	-8.159
234	-7.899
235	-8.012
236	-8.42
237	-8.358
238	-8.693
239	-8.431
240	-8.591
241	-8.396
242	-8.306
243	-8.749
244	-8.871
245	-8.676
246	-8.812
247	-9.385
248	-8.949
249	-8.674
250	-8.56
251	-8.893
252	-8.895
253	-9.143
254	-9.34
255	-9.424
256	-9.735
257	-10.0
258	-9.829
259	-10.07
260	-10.01
261	-9.906
262	-9.806
263	-9.661
264	-9.868
265	-9.534
266	-9.871
267	-10.2
268	-10.33
269	-10.32
270	-10.11
271	-9.975
272	-10.0
273	-10.36
274	-10.24
275	-10.17
276	-9.904
277	-9.977
278	-10.49
279	-10.54
280	-10.71
281	-10.87
282	-11.12
283	-12.04
284	-11.93
285	-11.73
286	-11.77
287	-11.74
288	-11.69
289	-11.71
290	-11.73
291	-11.35
292	-11.6
293	-11.47
294	-12.08
295	-12.39
296	-12.56
297	-12.6
298	-12.59
299	-12.69
300	-12.2
301	-12.38
302	-12.36
303	-12.65
304	-12.74
305	-13.16
306	-12.58
307	-12.29
308	-12.46
309	-13.03
310	-12.79
311	-13.01
312	-13.7
313	-14.33
314	-14.18
315	-13.55
316	-13.8
317	-13.87
318	-14.07
319	-14.1
320	-13.83
321	-13.89
322	-13.94
323	-13.94
324	-14.42
325	-14.58
326	-14.46
327	-14.27
328	-14.26
329	-13.84
330	-14.33
331	-13.88
332	-13.66
333	-13.54
334	-13.6
335	-14.07
336	-14.16
337	-13.87
338	-13.76
339	-13.18
340	-13.14
341	-13.48
342	-13.37
343	-13.58
344	-13.14
345	-13.02
346	-13.14
347	-13.13
348	-13.68
349	-13.38
350	-13.46
351	-13.84
352	-13.29
353	-12.92
354	-13.27
355	-13.06
356	-12.73
357	-12.39
358	-12.32
359	-12.06
360	-11.98
361	-11.82
362	-11.59
363	-11.47
364	-11.66
365	-11.05
366	-11.27
367	-11.3
368	-11.46
369	-11.29
370	-11.58
371	-11.4
372	-11.49
373	-11.58
374	-11.67
375	-11.55
376	-11.74
377	-11.7
378	-11.96
379	-11.71
380	-11.46
381	-11.68
382	-11.48
383	-11.36
384	-11.54
385	-11.52
386	-11.78
387	-12.04
388	-12.17
389	-11.68
390	-11.68
391	-11.92
392	-12.4
393	-12.25
394	-12.48
395	-12.59
396	-12.66
397	-12.69
398	-12.82
399	-12.62
400	-12.6
401	-12.72
402	-12.69
403	-12.56
404	-12.21
405	-12.4
406	-12.65
407	-12.74
408	-12.78
409	-12.67
410	-13.05
411	-13.4
412	-13.56
413	-13.47
414	-13.61
415	-13.83
416	-13.84
417	-13.86
418	-13.72
419	-13.94
420	-14.0
421	-14.19
422	-13.71
423	-13.67
424	-14.03
425	-14.21
426	-13.99
427	-14.43
428	-14.61
429	-14.22
430	-14.31
431	-13.98
432	-14.59
433	-14.99
434	-15.1
435	-15.26
436	-15.1
437	-15.21
438	-15.16
439	-15.48
440	-15.5
441	-15.25
442	-15.5
443	-15.5
444	-15.17
445	-14.92
446	-15.16
447	-15.19
448	-15.21
449	-15.15
450	-15.14
451	-15.22
452	-15.64
453	-15.96
454	-16.06
455	-15.58
456	-15.61
457	-15.95
458	-16.5
459	-16.27
460	-16.04
461	-16.18
462	-16.11
463	-15.98
464	-15.9
465	-16.29
466	-15.67
467	-14.91
468	-14.17
469	-13.99
470	-13.42
471	-13.74
472	-13.78
473	-13.37
474	-13.43
475	-13.49
476	-13.77
477	-13.89
478	-13.88
479	-14.0
480	-14.31
481	-14.3
482	-14.53
483	-14.57
484	-14.58
485	-15.39
486	-15.7
487	-15.74
488	-15.77
489	-15.38
490	-15.54
491	-15.55
492	-14.96
493	-14.72
494	-15.17
495	-14.96
496	-15.63
497	-15.65
498	-15.48
499	-15.23
500	-15.26
501	-14.83
502	-13.88
503	-13.08
504	-13.05
505	-13.34
506	-13.63
507	-14.25
508	-14.01
509	-14.14
510	-14.5
511	-14.16
512	-14.11
513	-14.34
514	-14.7
515	-14.82
516	-14.85
517	-15.03
518	-14.83
519	-14.46
520	-14.83
521	-14.83
522	-14.17
523	-14.31
524	-14.67
525	-15.0
526	-14.65
527	-14.64
528	-14.71
529	-14.44
530	-14.26
531	-13.88
532	-13.84
533	-13.26
534	-12.65
535	-12.81
536	-12.8
537	-13.09
538	-13.13
539	-13.2
540	-12.98
541	-12.95
542	-12.84
543	-12.68
544	-12.51
545	-12.94
546	-12.72
547	-12.64
548	-12.37
549	-12.26
550	-12.11
551	-12.13
552	-11.76
553	-11.65
554	-11.72
555	-12.0
556	-11.66
557	-12.32
558	-12.49
559	-11.92
560	-12.27
561	-12.29
562	-12.59
563	-12.73
564	-12.82
565	-12.92
566	-13.07
567	-13.14
568	-13.42
569	-13.32
570	-13.41
571	-13.67
572	-13.71
573	-13.74
574	-13.59
575	-13.8
576	-13.74
577	-13.76
578	-13.9
579	-13.99
580	-14.28
581	-14.91
582	-14.73
583	-14.46
584	-14.56
585	-14.81
586	-14.74
587	-14.91
588	-14.93
589	-14.9
590	-14.48
591	-14.15
592	-14.36
593	-14.31
594	-14.24
595	-14.18
596	-14.26
597	-14.63
598	-14.66
599	-14.48
600	-14.56
601	-14.49
602	-14.58
603	-14.46
604	-14.65
605	-13.82
606	-14.53
607	-14.62
608	-14.12
609	-14.09
610	-13.99
611	-14.4
612	-14.43
613	-14.44
614	-14.33
615	-14.5
616	-14.72
617	-14.95
618	-15.01
619	-14.69
620	-14.81
621	-15.23
622	-15.34
623	-15.32
624	-15.27
625	-15.36
626	-14.74
627	-15.34
628	-15.62
629	-15.57
630	-15.31
631	-15.16
632	-14.92
633	-14.82
634	-14.64
635	-14.63
636	-14.39
637	-14.31
638	-14.39
639	-14.1
640	-14.09
641	-14.47
642	-14.59
643	-14.65
644	-14.63
645	-14.78
646	-14.51
647	-14.12
648	-13.82
649	-13.82
650	-14.03
651	-14.04
652	-14.59
653	-14.64
654	-14.56
655	-14.63
656	-14.61
657	-14.61
658	-14.78
659	-14.64
660	-14.59
661	-14.18
662	-14.2
663	-13.93
664	-14.13
665	-14.05
666	-14.1
667	-14.16
668	-14.19
669	-14.41
670	-15.02
671	-15.44
672	-15.77
673	-15.83
674	-16.07
675	-16.24
676	-16.23
677	-16.46
678	-16.33
679	-16.15
680	-16.3
681	-16.12
682	-15.75
683	-15.54
684	-15.68
685	-15.61
686	-15.48
687	-15.11
688	-15.04
689	-15.22
690	-14.91
691	-15.1
692	-14.8
693	-14.84
694	-14.8
695	-14.95
696	-14.82
697	-14.74
698	-14.78
699	-14.7
700	-14.63
701	-14.21
702	-14.36
703	-14.35
704	-13.81
705	-13.81
706	-14.0
707	-14.28
708	-13.9
709	-13.74
710	-13.63
711	-13.09
712	-13.68
713	-13.72
714	-13.87
715	-13.69
716	-13.93
717	-13.95
718	-14.39
719	-14.53
720	-14.98
721	-15.26
722	-15.3
723	-15.01
724	-14.93
725	-15.25
726	-15.12
727	-14.94
728	-14.91
729	-15.03
730	-15.5
731	-15.42
732	-15.14
733	-14.89
734	-14.91
735	-15.26
736	-14.83
737	-15.19
738	-15.4
739	-15.29
740	-15.31
741	-15.09
742	-14.97
743	-15.15
744	-14.98
745	-14.24
746	-14.31
747	-14.43
748	-14.41
749	-14.38
750	-14.28
751	-14.08
752	-14.02
753	-14.32
754	-14.49
755	-14.6
756	-14.24
757	-14.25
758	-14.33
759	-13.98
760	-14.08
761	-14.57
762	-14.45
763	-14.15
764	-13.99
765	-13.84
766	-13.96
767	-14.2
768	-14.24
769	-14.19
770	-14.11
771	-14.33
772	-14.6
773	-14.77
774	-15.25
775	-14.74
776	-14.65
777	-14.7
778	-14.67
779	-14.64
780	-14.54
781	-14.54
782	-14.74
783	-14.99
784	-15.14
785	-14.87
786	-15.51
787	-15.46
788	-14.57
789	-14.33
790	-14.06
791	-13.2
792	-13.69
793	-13.72
794	-13.95
795	-13.3
796	-12.68
797	-12.62
798	-12.12
799	-11.99
800	-12.01
801	-12.0
802	-12.18
803	-12.73
804	-12.68
805	-13.02
806	-13.7
807	-13.48
808	-13.54
809	-13.54
810	-14.14
811	-14.03
812	-14.05
813	-13.84
814	-13.64
815	-13.75
816	-13.57
817	-13.49
818	-13.48
819	-14.0
820	-14.04
821	-14.1
822	-14.25
823	-14.23
824	-14.21
825	-13.66
826	-13.74
827	-13.47
828	-12.99
829	-12.87
830	-12.67
831	-13.07
832	-12.97
833	-13.01
834	-13.11
835	-13.18
836	-12.73
837	-12.49
838	-12.56
839	-12.26
840	-11.98
841	-11.96
842	-11.67
843	-11.73
844	-11.55
845	-10.96
846	-11.23
847	-11.3
848	-11.25
849	-11.53
850	-12.1
851	-12.11
852	-12.03
853	-12.39
854	-11.88
855	-12.11
856	-12.32
857	-12.28
858	-12.56
859	-12.53
860	-12.72
861	-13.09
862	-12.62
863	-12.42
864	-12.54
865	-12.38
866	-13.04
867	-13.62
868	-13.6
869	-13.91
870	-14.0
871	-13.81
872	-13.91
873	-13.89
874	-13.72
875	-14.07
876	-13.55
877	-13.58
878	-14.14
879	-14.05
880	-14.27
881	-14.26
882	-14.25
883	-14.2
884	-14.2
885	-14.16
886	-14.28
887	-14.02
888	-13.85
889	-13.65
890	-13.53
891	-14.08
892	-14.34
893	-14.38
894	-14.89
895	-15.07
896	-15.22
897	-14.67
898	-14.82
899	-14.82
900	-14.38
901	-14.5
902	-14.74
903	-14.73
904	-15.06
905	-15.04
906	-15.03
907	-14.87
908	-14.68
909	-15.29
910	-15.69
911	-16.0
912	-16.39
913	-16.38
914	-16.2
915	-15.99
916	-15.57
917	-14.99
918	-14.93
919	-14.9
920	-15.23
921	-15.22
922	-14.96
923	-14.73
924	-14.28
925	-13.9
926	-13.82
927	-13.72
928	-13.74
929	-13.8
930	-13.56
931	-13.73
932	-13.63
933	-13.35
934	-13.34
935	-13.15
936	-13.52
937	-13.63
938	-13.91
939	-13.77
940	-13.8
941	-13.78
942	-13.49
943	-14.02
944	-14.01
945	-13.96
946	-13.64
947	-13.19
948	-13.07
949	-13.35
950	-13.53
951	-13.42
952	-13.79
953	-14.36
954	-14.47
955	-14.83
956	-14.47
957	-14.59
958	-14.66
959	-14.8
960	-14.65
961	-14.71
962	-14.09
963	-14.63
964	-14.56
965	-14.8
966	-14.9
967	-14.83
968	-14.32
969	-14.45
970	-14.05
971	-14.08
972	-14.45
973	-14.61
974	-14.53
975	-14.2
976	-14.25
977	-14.38
978	-14.25
979	-14.37
980	-13.91
981	-13.84
982	-14.07
983	-14.04
984	-14.46
985	-14.71
986	-14.72
987	-15.27
988	-14.94
989	-14.83
990	-15.08
991	-14.92
992	-14.89
993	-14.75
994	-14.96
995	-15.2
996	-14.97
997	-14.83
998	-15.05
999	-14.82
1000	-15.35
1	-91.13
2	-56.74
3	-45.53
4	21.56
5	62.45
6	29.86
7	31.35
8	4.415
9	67.91
10	31.64
11	72.01
12	-15.88
13	-86.23
14	73.16
15	-57.01
16	97.91
17	41.83
18	5.119
19	-84.66
20	-57.53
21	-54.17
22	-72.26
23	9.148
24	-38.26
25	89.85
26	-97.42
27	12.73
28	65.49
29	-36.92
30	-89.35
31	-55.57
32	-14.14
33	-81.06
34	-85.02
35	99.56
36	14.21
37	-86.69
38	-65.87
39	78.92
40	-74.49
41	-71.25
42	-41.45
43	48.76
44	-73.24
45	55.57
46	-49.52
47	-3.267
48	-1.586
49	-1.69
50	-1.681
51	-1.65
52	-1.646
53	-1.479
54	-1.363
55	-1.248
56	-1.241
57	-1.238
58	-1.148
59	-1.139
60	-1.092
61	-1.092
62	-1.067
63	-1.049
64	-1.038
65	-0.9988
66	-0.9221
67	-0.9043
68	-0.8561
69	-0.8599
70	-0.7906
71	-0.7072
72	-0.7152
73	-0.6798
74	-0.6649
75	-0.6269
76	-0.545
77	-0.5124
78	-0.5099
79	-0.4715
80	-0.4943
81	-0.4765
82	-0.4656
83	-0.4665
84	-0.4354
85	-0.45
86	-0.4195
87	-0.3661
88	-0.3616
89	-0.3557
90	-0.3546
91	-0.3552
92	-0.3428
93	-0.3301
94	-0.3238
95	-0.3145
96	-0.3121
97	-0.2972
98	-0.2647
99	-0.2639
100	-0.2506
101	-0.2114
102	-0.2098
103	-0.2077
104	-0.1908
105	-0.1893
106	-0.1745
107	-0.166
108	-0.1657
109	-0.1487
110	-0.1553
111	-0.1542
112	-0.1575
113	-0.1586
114	-0.1554
115	-0.1493
116	-0.1466
117	-0.1447
118	-0.1289
119	-0.1377
120	-0.138
121	-0.14
122	-0.1326
123	-0.1201
124	-0.1205
125	-0.1114
126	-0.1089
127	-0.1108
128	-0.1072
129	-0.1032
130	-0.1054
131	-0.09277
132	-0.07253
133	-0.08042
134	-0.06367
135	-0.04829
136	-0.05101
137	-0.04455
138	-0.03884
139	-0.03764
140	-0.03409
141	-0.03307
142	-0.03286
143	-0.01041
144	-0.004635
145	-0.001666
146	-0.004018
147	0.01316
148	0.01297
149	0.02269
150	0.01501
151	0.03157
152	0.0323
153	0.03227
154	0.04286
155	0.04911
156	0.04144
157	0.04233
158	0.03955
159	0.04464
160	0.04566
161	0.04358
162	0.05455
163	0.07425
164	0.06858
165	0.06897
166	0.07479
167	0.08531
168	0.08493
169	0.08955
170	0.09148
171	0.09504
172	0.1028
173	0.1009
174	0.11
175	0.1174
176	0.112
177	0.1275
178	0.1286
179	0.1361
180	0.1475
181	0.143
182	0.1481
183	0.1451
184	0.1513
185	0.1433
186	0.151
187	0.1512
188	0.1515
189	0.1553
190	0.1458
191	0.1432
192	0.1408
193	0.1418
194	0.1539
195	0.1634
196	0.158
197	0.1641
198	0.1632
199	0.1563
200	0.1558
201	0.1686
202	0.1521
203	0.1718
204	0.1518
205	0.1613
206	0.152
207	0.1485
208	0.1579
209	0.1572
210	0.1624
211	0.1605
212	0.159
213	0.1675
214	0.1702
215	0.1711
216	0.1713
217	0.1671
218	0.1652
219	0.1725
220	0.1904
221	0.1924
222	0.2078
223	0.2155
224	0.2115
225	0.2177
226	0.2163
227	0.2175
228	0.2189
229	0.2318
230	0.2271
231	0.2166
232	0.2206
233	0.2179
234	0.2103
235	0.2228
236	0.2306
237	0.231
238	0.2427
239	0.2323
240	0.2354
241	0.2268
242	0.2328
243	0.2435
244	0.2357
245	0.2362
246	0.2451
247	0.2498
248	0.2441
249	0.2341
250	0.2383
251	0.2409
252	0.2454
253	0.2488
254	0.2606
255	0.2631
256	0.2666
257	0.2704
258	0.2694
259	0.2682
260	0.2681
261	0.2653
262	0.263
263	0.2633
264	0.2626
265	0.2592
266	0.2684
267	0.2809
268	0.2782
269	0.278
270	0.2716
271	0.2725
272	0.2722
273	0.2815
274	0.2792
275	0.2717
276	0.2649
277	0.2763
278	0.2787
279	0.2885
280	0.2909
281	0.2902
282	0.3149
283	0.3103
284	0.3202
285	0.315
286	0.3218
287	0.3181
288	0.3192
289	0.3108
290	0.3164
291	0.3134
292	0.3145
293	0.3159
294	0.3298
295	0.3372
296	0.3367
297	0.3447
298	0.3434
299	0.3404
300	0.3309
301	0.3333
302	0.3395
303	0.341
304	0.3498
305	0.3464
306	0.3333
307	0.3321
308	0.3453
309	0.3501
310	0.3519
311	0.3579
312	0.3822
313	0.3843
314	0.3751
315	0.3694
316	0.3711
317	0.3792
318	0.3762
319	0.3768
320	0.3772
321	0.3644
322	0.3741
323	0.3826
324	0.3883
325	0.3956
326	0.3931
327	0.3811
328	0.3776
329	0.3808
330	0.3823
331	0.3782
332	0.3649
333	0.3622
334	0.3718
335	0.3738
336	0.3818
337	0.3692
338	0.3634
339	0.3471
340	0.3603
341	0.3717
342	0.3602
343	0.3589
344	0.3543
345	0.3527
346	0.3458
347	0.3622
348	0.3683
349	0.365
350	0.3735
351	0.3635
352	0.3498
353	0.3548
354	0.3592
355	0.3482
356	0.343
357	0.3271
358	0.3302
359	0.3202
360	0.3269
361	0.3174
362	0.3113
363	0.3095
364	0.307
365	0.3059
366	0.3078
367	0.3189
368	0.3055
369	0.3098
370	0.3049
371	0.3089
372	0.3032
373	0.3218
374	0.3134
375	0.3166
376	0.3184
377	0.3215
378	0.3194
379	0.3166
380	0.3082
381	0.3241
382	0.3055
383	0.3098
384	0.3146
385	0.3163
386	0.3165
387	0.3343
388	0.3195
389	0.3171
390	0.3158
391	0.3283
392	0.3404
393	0.33
394	0.343
395	0.3434
396	0.3418
397	0.3402
398	0.341
399	0.3418
400	0.3473
401	0.34
402	0.3418
403	0.3341
404	0.3372
405	0.3348
406	0.346
407	0.3449
408	0.3431
409	0.349
410	0.3569
411	0.3644
412	0.3662
413	0.3621
414	0.3733
415	0.3715
416	0.3767
417	0.3728
418	0.3731
419	0.3797
420	0.3811
421	0.3814
422	0.3676
423	0.3716
424	0.3862
425	0.3805
426	0.3886
427	0.3869
428	0.3873
429	0.3878
430	0.3876
431	0.385
432	0.3888
433	0.4047
434	0.4141
435	0.4059
436	0.4116
437	0.4129
438	0.4082
439	0.4278
440	0.4111
441	0.4167
442	0.4163
443	0.4161
444	0.4088
445	0.4085
446	0.4073
447	0.4091
448	0.413
449	0.4061
450	0.4115
451	0.4116
452	0.4274
453	0.4265
454	0.4286
455	0.436
456	0.4294
457	0.4424
458	0.4436
459	0.4362
460	0.4308
461	0.4364
462	0.4377
463	0.4244
464	0.4351
465	0.4335
466	0.4134
467	0.3931
468	0.3799
469	0.3705
470	0.3673
471	0.3724
472	0.3674
473	0.3604
474	0.3647
475	0.3672
476	0.3707
477	0.368
478	0.3816
479	0.3795
480	0.3826
481	0.3924
482	0.389
483	0.3964
484	0.4067
485	0.4238
486	0.4233
487	0.4149
488	0.4181
489	0.4119
490	0.4115
491	0.4131
492	0.3979
493	0.4054
494	0.4054
495	0.4162
496	0.4299
497	0.4233
498	0.4111
499	0.4149
500	0.4106
501	0.3922
502	0.36
503	0.3527
504	0.3483
505	0.3659
506	0.3843
507	0.3842
508	0.3896
509	0.3845
510	0.3854
511	0.3821
512	0.3863
513	0.3902
514	0.3991
515	0.3987
516	0.4032
517	0.4085
518	0.3922
519	0.3967
520	0.4016
521	0.3945
522	0.3872
523	0.3906
524	0.4009
525	0.4011
526	0.3898
527	0.3924
528	0.3951
529	0.388
530	0.3796
531	0.3787
532	0.368
533	0.3502
534	0.3407
535	0.345
536	0.3491
537	0.3607
538	0.3566
539	0.349
540	0.3499
541	0.3507
542	0.3455
543	0.344
544	0.3419
545	0.3427
546	0.345
547	0.3486
548	0.3362
549	0.3356
550	0.3217
551	0.3245
552	0.3141
553	0.3148
554	0.3216
555	0.3222
556	0.3212
557	0.3417
558	0.3378
559	0.3385
560	0.3385
561	0.3327
562	0.3368
563	0.3493
564	0.3484
565	0.3544
566	0.3555
567	0.3568
568	0.358
569	0.3606
570	0.3643
571	0.3693
572	0.3748
573	0.3696
574	0.375
575	0.3769
576	0.3737
577	0.3711
578	0.3768
579	0.3821
580	0.3999
581	0.3968
582	0.3963
583	0.4022
584	0.3927
585	0.4014
586	0.4001
587	0.4039
588	0.3959
589	0.4075
590	0.3862
591	0.3876
592	0.3889
593	0.3842
594	0.3767
595	0.3834
596	0.3905
597	0.3938
598	0.3893
599	0.3911
600	0.391
601	0.3896
602	0.393
603	0.3932
604	0.3826
605	0.3826
606	0.4014
607	0.3864
608	0.3803
609	0.3729
610	0.3844
611	0.3934
612	0.3883
613	0.3869
614	0.3863
615	0.3953
616	0.4004
617	0.3998
618	0.404
619	0.3951
620	0.4103
621	0.4119
622	0.4147
623	0.4187
624	0.4126
625	0.4111
626	0.4119
627	0.4173
628	0.4294
629	0.4161
630	0.4044
631	0.403
632	0.4036
633	0.3972
634	0.3955
635	0.3893
636	0.3852
637	0.3856
638	0.3861
639	0.3857
640	0.3868
641	0.3934
642	0.3926
643	0.3929
644	0.4003
645	0.3959
646	0.3875
647	0.3735
648	0.3765
649	0.3782
650	0.3801
651	0.3839
652	0.4034
653	0.3913
654	0.3944
655	0.3947
656	0.3953
657	0.3961
658	0.3988
659	0.3938
660	0.3909
661	0.3896
662	0.3772
663	0.3712
664	0.3805
665	0.3796
666	0.38
667	0.385
668	0.3874
669	0.3942
670	0.4143
671	0.4227
672	0.4271
673	0.4325
674	0.4355
675	0.4357
676	0.4402
677	0.4343
678	0.4319
679	0.4313
680	0.4351
681	0.4314
682	0.4249
683	0.4223
684	0.4253
685	0.4164
686	0.4116
687	0.4008
688	0.4094
689	0.4072
690	0.4063
691	0.4024
692	0.3978
693	0.4015
694	0.3962
695	0.4023
696	0.3983
697	0.3979
698	0.3983
699	0.3995
700	0.3899
701	0.3783
702	0.4001
703	0.3739
704	0.3757
705	0.3817
706	0.3831
707	0.3824
708	0.3749
709	0.376
710	0.3554
711	0.3605
712	0.3715
713	0.3767
714	0.3725
715	0.3739
716	0.3842
717	0.3845
718	0.3934
719	0.3966
720	0.4082
721	0.4026
722	0.4094
723	0.402
724	0.407
725	0.4097
726	0.4094
727	0.4106
728	0.4121
729	0.4148
730	0.4132
731	0.4131
732	0.4058
733	0.4036
734	0.4044
735	0.4052
736	0.4054
737	0.4119
738	0.4114
739	0.4049
740	0.4137
741	0.4029
742	0.4083
743	0.4182
744	0.3972
745	0.3789
746	0.3903
747	0.3855
748	0.3873
749	0.3881
750	0.3851
751	0.3714
752	0.3839
753	0.3934
754	0.3907
755	0.3879
756	0.3887
757	0.3849
758	0.38
759	0.3762
760	0.3863
761	0.387
762	0.3839
763	0.3799
764	0.3769
765	0.3738
766	0.3804
767	0.3872
768	0.3808
769	0.383
770	0.383
771	0.39
772	0.3912
773	0.409
774	0.4053
775	0.3887
776	0.4037
777	0.4007
778	0.3956
779	0.3945
780	0.3948
781	0.3964
782	0.3974
783	0.4062
784	0.405
785	0.4075
786	0.4081
787	0.4063
788	0.3851
789	0.384
790	0.368
791	0.37
792	0.3714
793	0.3727
794	0.371
795	0.3485
796	0.349
797	0.3317
798	0.3292
799	0.3287
800	0.318
801	0.336
802	0.3367
803	0.3394
804	0.3456
805	0.3661
806	0.3666
807	0.3609
808	0.361
809	0.3753
810	0.3802
811	0.3766
812	0.3775
813	0.3733
814	0.3692
815	0.37
816	0.3654
817	0.3561
818	0.3703
819	0.3745
820	0.3737
821	0.3891
822	0.3892
823	0.3794
824	0.3787
825	0.3764
826	0.3742
827	0.3588
828	0.351
829	0.3483
830	0.3547
831	0.3538
832	0.3443
833	0.3553
834	0.3507
835	0.3471
836	0.3424
837	0.3422
838	0.3363
839	0.3244
840	0.3306
841	0.3216
842	0.3115
843	0.3202
844	0.3032
845	0.2983
846	0.3106
847	0.3032
848	0.3059
849	0.3205
850	0.3287
851	0.3293
852	0.3282
853	0.3347
854	0.3235
855	0.3276
856	0.3271
857	0.3358
858	0.342
859	0.3416
860	0.3466
861	0.3489
862	0.3338
863	0.3396
864	0.3365
865	0.3441
866	0.3634
867	0.3686
868	0.3711
869	0.3783
870	0.3743
871	0.3691
872	0.3788
873	0.3724
874	0.3746
875	0.3721
876	0.364
877	0.3764
878	0.3851
879	0.3902
880	0.389
881	0.3814
882	0.3813
883	0.3885
884	0.3822
885	0.3872
886	0.3879
887	0.3736
888	0.3752
889	0.3611
890	0.3688
891	0.3842
892	0.3817
893	0.3923
894	0.4103
895	0.4048
896	0.4024
897	0.3981
898	0.4019
899	0.3888
900	0.3987
901	0.3952
902	0.3966
903	0.4005
904	0.4084
905	0.41
906	0.4055
907	0.3988
908	0.4019
909	0.4221
910	0.4245
911	0.4346
912	0.4443
913	0.4389
914	0.4347
915	0.4255
916	0.4145
917	0.4036
918	0.4022
919	0.4078
920	0.4096
921	0.4076
922	0.4028
923	0.3912
924	0.3826
925	0.376
926	0.3707
927	0.3723
928	0.3723
929	0.3658
930	0.3703
931	0.3716
932	0.3588
933	0.369
934	0.3505
935	0.3589
936	0.3675
937	0.3726
938	0.3746
939	0.3765
940	0.3767
941	0.3589
942	0.3746
943	0.3742
944	0.3778
945	0.375
946	0.363
947	0.3567
948	0.3593
949	0.3629
950	0.3664
951	0.3667
952	0.3794
953	0.3922
954	0.3887
955	0.3946
956	0.3921
957	0.3973
958	0.4009
959	0.3939
960	0.3937
961	0.3913
962	0.3862
963	0.3939
964	0.3938
965	0.4
966	0.397
967	0.3937
968	0.3835
969	0.3834
970	0.3747
971	0.3867
972	0.3974
973	0.4025
974	0.3975
975	0.3829
976	0.3846
977	0.3853
978	0.387
979	0.384
980	0.3762
981	0.3845
982	0.3754
983	0.3839
984	0.3981
985	0.3994
986	0.4061
987	0.4049
988	0.4078
989	0.402
990	0.4054
991	0.4006
992	0.4008
993	0.402
994	0.4024
995	0.4139
996	0.4023
997	0.4066
998	0.401
999	0.407
1000	0.4132
1	1.6E+12
2	1.6E+12
3	1.6E+12
4	1.6E+12
5	1.6E+12
6	1.6E+12
7	1.6E+12
8	1.6E+12
9	1.6E+12
10	1.6E+12
11	1.6E+12
12	1.6E+12
13	1.6E+12
14	1.6E+12
15	1.6E+12
16	1.6E+12
17	1.6E+12
18	1.6E+12
19	1.6E+12
20	1.6E+12
21	1.6E+12
22	1.6E+12
23	1.6E+12
24	1.6E+12
25	1.6E+12
26	1.6E+12
27	1.6E+12
28	1.6E+12
29	1.6E+12
30	1.6E+12
31	1.6E+12
32	1.6E+12
33	1.6E+12
34	1.6E+12
35	1.6E+12
36	1.6E+12
37	1.6E+12
38	1.6E+12
39	1.6E+12
40	1.6E+12
41	1.6E+12
42	1.6E+12
43	1.6E+12
44	1.6E+12
45	1.6E+12
46	1.6E+12
47	1.6E+12
48	7.2E+11
49	1749.0
50	1722.0
51	1705.0
52	1695.0
53	1684.0
54	1424.0
55	1310.0
56	1284.0
57	1265.0
58	1193.0
59	1154.0
60	1126.0
61	1097.0
62	1078.0
63	1047.0
64	1040.0
65	1010.0
66	952.7
67	897.1
68	884.9
69	884.7
70	822.0
71	731.0
72	706.9
73	669.8
74	660.4
75	619.6
76	610.6
77	499.4
78	490.3
79	486.7
80	478.6
81	478.0
82	447.6
83	448.3
84	441.3
85	434.4
86	436.0
87	384.3
88	352.1
89	351.3
90	346.9
91	345.2
92	335.2
93	327.0
94	321.6
95	309.0
96	307.0
97	303.7
98	291.3
99	269.7
100	261.4
101	260.5
102	225.3
103	223.7
104	218.1
105	215.4
106	205.4
107	191.4
108	193.3
109	188.2
110	186.2
111	184.4
112	185.5
113	185.8
114	183.7
115	179.9
116	178.5
117	176.2
118	171.6
119	171.7
120	172.9
121	173.0
122	173.4
123	164.7
124	160.1
125	155.3
126	153.3
127	153.9
128	151.9
129	150.9
130	150.8
131	148.9
132	145.5
133	137.9
134	130.9
135	118.6
136	118.9
137	119.4
138	114.3
139	112.0
140	112.8
141	112.1
142	110.4
143	109.3
144	98.48
145	94.98
146	95.87
147	92.89
148	88.48
149	88.17
150	87.41
151	85.61
152	82.63
153	81.72
154	81.3
155	73.89
156	76.42
157	77.16
158	77.13
159	76.42
160	74.92
161	76.14
162	78.67
163	68.24
164	66.62
165	66.51
166	64.58
167	64.79
168	62.05
169	64.98
170	63.72
171	58.91
172	59.69
173	57.82
174	59.27
175	52.41
176	53.43
177	54.62
178	49.67
179	48.18
180	44.78
181	45.73
182	46.02
183	45.3
184	44.79
185	45.78
186	46.77
187	44.56
188	43.89
189	43.07
190	45.4
191	45.7
192	46.78
193	47.5
194	44.09
195	42.21
196	42.55
197	42.4
198	41.52
199	42.97
200	44.73
201	44.34
202	46.62
203	46.56
204	45.81
205	44.81
206	44.1
207	44.66
208	43.41
209	42.78
210	42.56
211	43.87
212	42.45
213	43.55
214	40.53
215	40.26
216	41.25
217	40.84
218	41.27
219	43.47
220	41.03
221	38.78
222	35.36
223	33.73
224	33.61
225	33.67
226	34.66
227	32.66
228	32.39
229	34.12
230	31.58
231	32.77
232	32.3
233	32.82
234	33.97
235	33.6
236	31.34
237	32.01
238	32.13
239	31.59
240	30.83
241	31.39
242	33.65
243	31.6
244	31.08
245	30.43
246	31.4
247	29.52
248	29.68
249	30.54
250	32.12
251	29.81
252	30.37
253	29.12
254	30.65
255	30.57
256	27.92
257	27.13
258	27.78
259	27.91
260	27.57
261	27.77
262	27.88
263	27.89
264	28.43
265	28.13
266	27.39
267	27.41
268	26.61
269	26.61
270	27.15
271	27.31
272	27.13
273	26.43
274	26.75
275	27.45
276	27.86
277	28.47
278	27.45
279	26.42
280	25.84
281	26.27
282	32.3
283	33.3
284	24.62
285	24.77
286	24.85
287	24.54
288	24.9
289	26.04
290	24.6
291	26.31
292	24.69
293	25.94
294	24.57
295	24.2
296	24.27
297	24.49
298	24.26
299	24.17
300	24.18
301	24.14
302	25.0
303	23.95
304	24.82
305	26.83
306	25.7
307	24.11
308	26.36
309	23.96
310	25.09
311	25.11
312	28.47
313	24.11
314	25.89
315	24.03
316	23.85
317	24.35
318	24.25
319	24.38
320	24.15
321	27.69
322	23.97
323	24.93
324	23.93
325	24.05
326	24.08
327	24.48
328	25.73
329	25.33
330	24.65
331	24.04
332	24.36
333	24.18
334	24.34
335	25.11
336	23.81
337	24.78
338	26.24
339	26.76
340	24.66
341	25.59
342	23.77
343	25.97
344	23.78
345	23.8
346	26.92
347	25.57
348	23.79
349	24.08
350	26.92
351	27.47
352	26.86
353	24.86
354	23.73
355	24.63
356	23.93
357	26.42
358	24.45
359	25.62
360	24.62
361	24.71
362	24.89
363	24.86
364	27.47
365	27.05
366	25.31
367	31.15
368	25.68
369	25.66
370	27.53
371	24.9
372	27.13
373	27.17
374	24.84
375	25.29
376	24.55
377	25.41
378	24.99
379	24.57
380	24.98
381	26.97
382	25.92
383	25.13
384	24.91
385	25.49
386	24.69
387	26.96
388	27.76
389	24.63
390	24.6
391	25.6
392	24.93
393	24.21
394	24.99
395	24.25
396	23.92
397	24.2
398	24.92
399	23.93
400	25.44
401	24.41
402	23.97
403	25.05
404	25.87
405	24.06
406	24.44
407	23.87
408	24.1
409	25.37
410	24.29
411	23.87
412	23.71
413	23.85
414	24.69
415	23.9
416	23.99
417	23.82
418	23.89
419	24.03
420	24.04
421	23.94
422	23.97
423	23.89
424	25.4
425	24.17
426	27.48
427	24.14
428	25.67
429	24.24
430	23.88
431	25.45
432	24.84
433	24.17
434	25.54
435	25.54
436	24.69
437	24.48
438	24.32
439	27.5
440	26.14
441	25.12
442	24.68
443	24.72
444	24.32
445	25.11
446	24.43
447	24.35
448	24.48
449	24.56
450	24.5
451	24.34
452	25.46
453	25.53
454	25.77
455	31.76
456	26.56
457	29.25
458	25.63
459	25.52
460	25.2
461	25.19
462	25.37
463	26.48
464	25.98
465	26.37
466	27.46
467	27.03
468	24.06
469	25.61
470	24.41
471	23.76
472	24.6
473	23.76
474	23.81
475	23.94
476	23.78
477	25.52
478	25.14
479	23.81
480	24.37
481	25.06
482	24.28
483	24.19
484	29.25
485	26.55
486	24.73
487	27.75
488	26.56
489	24.77
490	26.57
491	25.99
492	25.32
493	25.99
494	24.82
495	28.71
496	26.58
497	24.7
498	25.95
499	24.75
500	24.42
501	26.27
502	31.56
503	23.79
504	24.45
505	24.66
506	31.93
507	23.83
508	27.71
509	24.0
510	25.24
511	23.8
512	24.63
513	24.11
514	24.14
515	24.13
516	24.23
517	24.43
518	26.27
519	25.08
520	24.12
521	25.18
522	24.46
523	24.34
524	24.68
525	24.7
526	25.13
527	24.26
528	24.15
529	24.04
530	24.85
531	24.17
532	24.96
533	26.19
534	23.98
535	23.93
536	24.13
537	25.42
538	23.85
539	25.94
540	23.83
541	23.8
542	23.93
543	23.93
544	24.44
545	25.57
546	23.91
547	25.45
548	24.14
549	24.67
550	25.53
551	24.73
552	25.19
553	24.64
554	25.26
555	24.55
556	25.82
557	26.61
558	23.99
559	33.31
560	25.69
561	24.11
562	24.42
563	24.73
564	23.95
565	24.67
566	23.94
567	23.83
568	24.51
569	23.74
570	23.82
571	23.71
572	24.37
573	23.8
574	25.71
575	24.28
576	23.9
577	23.74
578	23.79
579	24.31
580	30.22
581	25.19
582	24.1
583	28.19
584	23.94
585	24.13
586	24.16
587	24.17
588	25.77
589	24.97
590	24.68
591	24.72
592	23.89
593	24.03
594	26.03
595	23.8
596	24.71
597	24.04
598	25.46
599	23.91
600	24.11
601	24.0
602	23.98
603	24.13
604	29.51
605	26.54
606	26.48
607	26.35
608	23.84
609	25.84
610	25.09
611	24.48
612	23.94
613	24.2
614	23.86
615	24.34
616	24.26
617	24.67
618	24.24
619	24.07
620	27.46
621	24.35
622	24.43
623	25.2
624	24.37
625	24.82
626	29.91
627	24.71
628	26.51
629	25.14
630	26.99
631	25.56
632	24.15
633	24.37
634	23.98
635	25.05
636	24.3
637	23.87
638	24.11
639	24.51
640	25.04
641	24.09
642	24.03
643	24.24
644	24.85
645	24.37
646	24.56
647	25.89
648	24.03
649	24.46
650	23.8
651	24.44
652	26.72
653	24.52
654	23.98
655	23.98
656	23.98
657	24.04
658	24.05
659	24.04
660	24.3
661	25.18
662	25.23
663	24.61
664	23.83
665	23.77
666	23.81
667	24.0
668	24.37
669	24.69
670	26.55
671	25.52
672	24.85
673	25.65
674	25.17
675	25.45
676	25.4
677	28.41
678	27.63
679	25.81
680	25.96
681	25.55
682	24.77
683	24.81
684	24.84
685	25.43
686	25.76
687	25.89
688	24.56
689	24.75
690	24.54
691	25.12
692	24.16
693	24.1
694	24.46
695	24.2
696	24.18
697	24.03
698	24.07
699	24.22
700	24.87
701	24.88
702	28.66
703	30.18
704	23.93
705	26.07
706	24.53
707	24.18
708	23.76
709	24.47
710	29.56
711	25.19
712	23.84
713	24.94
714	23.93
715	24.23
716	25.73
717	25.65
718	24.64
719	24.48
720	24.59
721	27.1
722	24.83
723	24.54
724	24.6
725	24.48
726	24.3
727	25.75
728	26.97
729	26.72
730	25.38
731	24.79
732	24.54
733	24.18
734	24.22
735	25.84
736	24.8
737	24.4
738	25.06
739	26.43
740	24.4
741	24.93
742	24.71
743	26.91
744	25.82
745	24.98
746	24.28
747	24.48
748	24.01
749	23.87
750	23.84
751	26.45
752	24.56
753	25.24
754	23.92
755	25.37
756	24.35
757	23.82
758	25.48
759	23.83
760	24.9
761	25.37
762	25.2
763	23.96
764	23.8
765	23.73
766	24.09
767	24.19
768	24.33
769	23.8
770	23.89
771	24.13
772	24.25
773	27.3
774	25.7
775	26.88
776	26.03
777	24.43
778	24.01
779	24.0
780	24.07
781	24.39
782	24.05
783	24.24
784	24.7
785	25.21
786	27.98
787	28.4
788	26.19
789	24.16
790	28.53
791	29.51
792	23.79
793	23.82
794	24.93
795	27.92
796	25.2
797	27.28
798	24.3
799	25.01
800	26.12
801	28.94
802	26.05
803	24.74
804	24.17
805	30.53
806	24.15
807	24.1
808	24.58
809	26.63
810	23.9
811	23.99
812	23.92
813	23.75
814	23.72
815	23.8
816	23.79
817	26.23
818	24.96
819	24.25
820	24.78
821	25.88
822	24.4
823	24.63
824	24.7
825	25.48
826	23.99
827	24.64
828	23.79
829	23.82
830	29.07
831	23.77
832	25.18
833	24.25
834	24.21
835	26.75
836	23.99
837	24.71
838	24.39
839	26.11
840	25.84
841	24.51
842	25.32
843	24.85
844	28.17
845	25.55
846	26.73
847	25.3
848	25.12
849	27.25
850	24.29
851	24.32
852	24.55
853	24.05
854	24.54
855	24.23
856	25.45
857	24.58
858	24.16
859	24.23
860	24.1
861	24.66
862	25.96
863	24.53
864	24.23
865	26.99
866	27.86
867	23.72
868	24.16
869	23.94
870	24.28
871	24.31
872	24.05
873	24.02
874	24.24
875	25.9
876	23.88
877	26.72
878	24.13
879	27.48
880	24.22
881	24.3
882	24.23
883	24.55
884	23.88
885	24.52
886	23.99
887	24.63
888	23.76
889	25.75
890	24.06
891	24.23
892	24.89
893	24.37
894	26.23
895	24.38
896	26.61
897	24.09
898	24.16
899	28.34
900	27.21
901	24.3
902	24.1
903	24.26
904	24.32
905	24.67
906	24.2
907	24.35
908	24.94
909	27.13
910	24.74
911	25.24
912	25.55
913	25.7
914	25.39
915	26.11
916	25.63
917	24.21
918	24.18
919	25.06
920	24.4
921	24.66
922	24.19
923	25.45
924	24.14
925	23.75
926	23.98
927	23.79
928	23.76
929	25.48
930	24.19
931	23.72
932	26.81
933	25.97
934	27.2
935	24.13
936	23.85
937	24.3
938	23.79
939	24.38
940	24.21
941	29.92
942	27.02
943	24.44
944	23.77
945	23.93
946	24.79
947	23.74
948	25.0
949	23.86
950	23.73
951	24.25
952	25.24
953	24.44
954	24.04
955	25.21
956	23.95
957	24.28
958	24.78
959	25.15
960	24.1
961	25.17
962	24.77
963	24.01
964	23.95
965	24.06
966	25.03
967	25.59
968	24.23
969	25.51
970	24.56
971	25.12
972	25.49
973	25.96
974	24.71
975	23.82
976	23.82
977	24.17
978	23.95
979	24.48
980	23.75
981	27.43
982	24.51
983	24.44
984	25.72
985	24.16
986	26.4
987	26.09
988	24.76
989	24.15
990	24.33
991	24.29
992	24.15
993	24.47
994	24.24
995	24.69
996	24.28
997	25.24
998	25.15
999	25.55
1000	24.46
