POP[] MALARIA[] AGE[] BEDNET[] GREEN[] PHC[] VILLAGE[] 
3  2  2  1  40.85  1  1
1  1  3  1  40.85  1  1
2  2  4  1  40.85  1  1
7  3  1  2  40.85  1  1
5  1  2  2  40.85  1  1
6  3  3  2  40.85  1  1
9  5  4  2  40.85  1  1
4  0  1  1  40.85  1  2
3  2  2  1  40.85  1  2
3  2  3  1  40.85  1  2
7  2  4  1  40.85  1  2
9  0  1  3  40.85  1  2
7  2  2  3  40.85  1  2
15  4  3  3  40.85  1  2
8  4  4  3  40.85  1  2
2  0  1  2  40.85  1  2
3  2  3  2  40.85  1  2
2  1  4  2  40.85  1  2
4  2  1  2  40.1  0  3
7  2  2  2  40.1  0  3
4  1  3  2  40.1  0  3
2  2  4  2  40.1  0  3
5  1  1  1  40.85  0  4
3  1  2  1  40.85  0  4
7  1  3  1  40.85  0  4
5  4  4  1  40.85  0  4
1  0  2  2  40.85  0  4
2  1  3  2  40.85  0  4
1  0  4  2  40.85  0  4
9  2  1  2  40.85  0  5
7  3  2  2  40.85  0  5
3  1  3  2  40.85  0  5
7  4  4  2  40.85  0  5
1  1  1  1  40.85  0  6
1  0  2  1  40.85  0  6
5  1  3  1  40.85  0  6
2  0  1  2  40.85  0  6
4  1  2  2  40.85  0  6
4  3  3  2  40.85  0  6
1  1  4  2  40.85  0  6
1  0  3  1  40.85  0  7
12  7  1  2  40.85  0  7
12  7  2  2  40.85  0  7
6  6  3  2  40.85  0  7
7  4  4  2  40.85  0  7
3  0  1  1  40.85  1  8
1  0  2  1  40.85  1  8
1  0  3  1  40.85  1  8
1  0  4  1  40.85  1  8
11  1  1  2  40.85  1  8
9  1  2  2  40.85  1  8
14  3  3  2  40.85  1  8
16  2  4  2  40.85  1  8
19  2  1  1  40.85  0  9
15  1  2  1  40.85  0  9
12  2  3  1  40.85  0  9
11  1  4  1  40.85  0  9
9  2  1  1  40.85  1  10
5  2  2  1  40.85  1  10
4  2  3  1  40.85  1  10
7  1  4  1  40.85  1  10
1  1  2  2  40.85  1  10
11  0  1  3  33.65  1  11
2  0  2  3  33.65  1  11
8  5  3  3  33.65  1  11
10  1  4  3  33.65  1  11
10  3  1  3  40.1  1  12
4  2  2  3  40.1  1  12
7  3  3  3  40.1  1  12
7  3  4  3  40.1  1  12
2  0  1  2  40.1  1  12
1  1  2  2  40.1  1  12
1  0  4  2  40.1  1  12
1  1  1  1  28.85  1  13
1  1  3  1  28.85  1  13
8  3  1  3  28.85  1  13
5  2  2  3  28.85  1  13
6  3  3  3  28.85  1  13
7  3  4  3  28.85  1  13
2  1  1  2  28.85  1  13
1  0  2  2  28.85  1  13
1  0  4  2  28.85  1  13
4  0  1  2  40.1  0  14
6  2  2  2  40.1  0  14
6  1  3  2  40.1  0  14
4  2  4  2  40.1  0  14
21  2  1  2  33.65  1  15
9  0  2  2  33.65  1  15
15  1  3  2  33.65  1  15
8  2  4  2  33.65  1  15
2  0  1  1  40.85  1  16
1  0  2  1  40.85  1  16
3  1  3  1  40.85  1  16
1  0  4  1  40.85  1  16
10  1  1  3  40.85  1  16
3  1  2  3  40.85  1  16
3  0  3  3  40.85  1  16
2  1  4  3  40.85  1  16
2  0  1  2  40.85  1  16
2  0  3  2  40.85  1  16
7  3  1  3  40.85  1  17
10  3  2  3  40.85  1  17
7  2  3  3  40.85  1  17
5  0  4  3  40.85  1  17
1  0  2  2  40.85  1  17
5  2  1  1  40.85  1  18
3  2  2  1  40.85  1  18
5  4  3  1  40.85  1  18
7  6  4  1  40.85  1  18
1  1  1  2  40.85  1  18
1  0  1  1  40.85  1  19
1  1  3  1  40.85  1  19
8  2  1  2  40.85  1  19
6  0  2  2  40.85  1  19
8  3  3  2  40.85  1  19
4  0  4  2  40.85  1  19
8  2  1  2  40.85  0  20
8  5  2  2  40.85  0  20
8  2  3  2  40.85  0  20
6  3  4  2  40.85  0  20
1  1  1  1  40.85  1  21
2  1  4  1  40.85  1  21
7  2  1  2  40.85  1  21
8  5  2  2  40.85  1  21
5  1  3  2  40.85  1  21
7  5  4  2  40.85  1  21
6  1  1  1  40.85  0  22
3  1  2  1  40.85  0  22
3  2  3  1  40.85  0  22
3  3  4  1  40.85  0  22
4  0  1  2  40.85  0  22
5  2  2  2  40.85  0  22
2  1  3  2  40.85  0  22
1  0  4  2  40.85  0  22
6  3  1  1  40.85  1  23
7  3  2  1  40.85  1  23
3  1  3  1  40.85  1  23
9  2  4  1  40.85  1  23
1  0  1  2  40.85  1  23
3  1  2  2  40.85  1  23
1  0  3  2  40.85  1  23
6  0  1  3  47.65  1  24
13  0  2  3  47.65  1  24
9  0  3  3  47.65  1  24
6  1  4  3  47.65  1  24
7  3  1  1  40.85  0  25
5  4  2  1  40.85  0  25
5  4  3  1  40.85  0  25
3  2  4  1  40.85  0  25
END

