alpha	1	25000
beta	25001	50000
deviance	50001	75000
gamma	75001	100000
p.pred[1]	100001	125000
p.pred[2]	125001	150000
p.pred[3]	150001	175000
p.pred[4]	175001	200000
p.pred[5]	200001	225000
p.pred[6]	225001	250000
p.pred[7]	250001	275000
p.pred[8]	275001	300000
p.pred[9]	300001	325000
p.pred[10]	325001	350000
p.pred[11]	350001	375000
p.pred[12]	375001	400000
p.pred[13]	400001	425000
p.pred[14]	425001	450000
p.pred[15]	450001	475000
p.pred[16]	475001	500000
p.pred[17]	500001	525000
p.pred[18]	525001	550000
p.pred[19]	550001	575000
p.pred[20]	575001	600000
p.pred[21]	600001	625000
p.pred[22]	625001	650000
p.pred[23]	650001	675000
p.pred[24]	675001	700000
p.pred[25]	700001	725000
p.pred[26]	725001	750000
p.pred[27]	750001	775000
p.pred[28]	775001	800000
p.pred[29]	800001	825000
p.pred[30]	825001	850000
p.pred[31]	850001	875000
p.pred[32]	875001	900000
p.pred[33]	900001	925000
p.pred[34]	925001	950000
p.pred[35]	950001	975000
p.pred[36]	975001	1000000
p.pred[37]	1000001	1025000
p.pred[38]	1025001	1050000
p.pred[39]	1050001	1075000
p.pred[40]	1075001	1100000
p.pred[41]	1100001	1125000
p.pred[42]	1125001	1150000
p.pred[43]	1150001	1175000
p.pred[44]	1175001	1200000
p.pred[45]	1200001	1225000
p.pred[46]	1225001	1250000
p.pred[47]	1250001	1275000
p.pred[48]	1275001	1300000
p.pred[49]	1300001	1325000
p.pred[50]	1325001	1350000
p.pred[51]	1350001	1375000
p.pred[52]	1375001	1400000
p.pred[53]	1400001	1425000
p.pred[54]	1425001	1450000
p.pred[55]	1450001	1475000
p.pred[56]	1475001	1500000
p.pred[57]	1500001	1525000
p.pred[58]	1525001	1550000
p.pred[59]	1550001	1575000
p.pred[60]	1575001	1600000
p.pred[61]	1600001	1625000
p.pred[62]	1625001	1650000
p.pred[63]	1650001	1675000
p.pred[64]	1675001	1700000
p.pred[65]	1700001	1725000
p.pred[66]	1725001	1750000
p.pred[67]	1750001	1775000
p.pred[68]	1775001	1800000
p.pred[69]	1800001	1825000
p.pred[70]	1825001	1850000
p.pred[71]	1850001	1875000
p.pred[72]	1875001	1900000
p.pred[73]	1900001	1925000
p.pred[74]	1925001	1950000
p.pred[75]	1950001	1975000
p.pred[76]	1975001	2000000
p.pred[77]	2000001	2025000
p.pred[78]	2025001	2050000
p.pred[79]	2050001	2075000
p.pred[80]	2075001	2100000
p.pred[81]	2100001	2125000
p.pred[82]	2125001	2150000
p.pred[83]	2150001	2175000
p.pred[84]	2175001	2200000
p.pred[85]	2200001	2225000
p.pred[86]	2225001	2250000
p.pred[87]	2250001	2275000
p.pred[88]	2275001	2300000
p.pred[89]	2300001	2325000
p.pred[90]	2325001	2350000
p.pred[91]	2350001	2375000
p.pred[92]	2375001	2400000
p.pred[93]	2400001	2425000
p.pred[94]	2425001	2450000
p.pred[95]	2450001	2475000
p.pred[96]	2475001	2500000
p.pred[97]	2500001	2525000
p.pred[98]	2525001	2550000
p.pred[99]	2550001	2575000
p.pred[100]	2575001	2600000
p.pred[101]	2600001	2625000
p.pred[102]	2625001	2650000
p.pred[103]	2650001	2675000
p.pred[104]	2675001	2700000
p.pred[105]	2700001	2725000
p.pred[106]	2725001	2750000
p.pred[107]	2750001	2775000
p.pred[108]	2775001	2800000
p.pred[109]	2800001	2825000
p.pred[110]	2825001	2850000
p.pred[111]	2850001	2875000
p.pred[112]	2875001	2900000
p.pred[113]	2900001	2925000
p.pred[114]	2925001	2950000
p.pred[115]	2950001	2975000
p.pred[116]	2975001	3000000
p.pred[117]	3000001	3025000
p.pred[118]	3025001	3050000
p.pred[119]	3050001	3075000
p.pred[120]	3075001	3100000
p.pred[121]	3100001	3125000
p.pred[122]	3125001	3150000
p.pred[123]	3150001	3175000
p.pred[124]	3175001	3200000
p.pred[125]	3200001	3225000
p.pred[126]	3225001	3250000
p.pred[127]	3250001	3275000
p.pred[128]	3275001	3300000
p.pred[129]	3300001	3325000
p.pred[130]	3325001	3350000
p.pred[131]	3350001	3375000
p.pred[132]	3375001	3400000
p.pred[133]	3400001	3425000
p.pred[134]	3425001	3450000
p.pred[135]	3450001	3475000
p.pred[136]	3475001	3500000
p.pred[137]	3500001	3525000
p.pred[138]	3525001	3550000
p.pred[139]	3550001	3575000
p.pred[140]	3575001	3600000
p.pred[141]	3600001	3625000
p.pred[142]	3625001	3650000
p.pred[143]	3650001	3675000
p.pred[144]	3675001	3700000
p.pred[145]	3700001	3725000
p.pred[146]	3725001	3750000
p.pred[147]	3750001	3775000
p.pred[148]	3775001	3800000
p.pred[149]	3800001	3825000
p.pred[150]	3825001	3850000
p.pred[151]	3850001	3875000
p.pred[152]	3875001	3900000
p.pred[153]	3900001	3925000
p.pred[154]	3925001	3950000
p.pred[155]	3950001	3975000
p.pred[156]	3975001	4000000
p.pred[157]	4000001	4025000
p.pred[158]	4025001	4050000
p.pred[159]	4050001	4075000
p.pred[160]	4075001	4100000
p.pred[161]	4100001	4125000
p.pred[162]	4125001	4150000
p.pred[163]	4150001	4175000
p.pred[164]	4175001	4200000
p.pred[165]	4200001	4225000
p.pred[166]	4225001	4250000
p.pred[167]	4250001	4275000
p.pred[168]	4275001	4300000
p.pred[169]	4300001	4325000
p.pred[170]	4325001	4350000
p.pred[171]	4350001	4375000
p.pred[172]	4375001	4400000
p.pred[173]	4400001	4425000
p.pred[174]	4425001	4450000
p.pred[175]	4450001	4475000
p.pred[176]	4475001	4500000
p.pred[177]	4500001	4525000
p.pred[178]	4525001	4550000
p.pred[179]	4550001	4575000
p.pred[180]	4575001	4600000
p.pred[181]	4600001	4625000
p.pred[182]	4625001	4650000
p.pred[183]	4650001	4675000
p.pred[184]	4675001	4700000
p.pred[185]	4700001	4725000
p.pred[186]	4725001	4750000
p.pred[187]	4750001	4775000
p.pred[188]	4775001	4800000
p.pred[189]	4800001	4825000
p.pred[190]	4825001	4850000
res[1]	4850001	4875000
res[2]	4875001	4900000
res[3]	4900001	4925000
res[4]	4925001	4950000
res[5]	4950001	4975000
res[6]	4975001	5000000
res[7]	5000001	5025000
res[8]	5025001	5050000
res[9]	5050001	5075000
res[10]	5075001	5100000
res[11]	5100001	5125000
res[12]	5125001	5150000
res[13]	5150001	5175000
res[14]	5175001	5200000
res[15]	5200001	5225000
res[16]	5225001	5250000
res[17]	5250001	5275000
res[18]	5275001	5300000
res[19]	5300001	5325000
res[20]	5325001	5350000
res[21]	5350001	5375000
res[22]	5375001	5400000
res[23]	5400001	5425000
res[24]	5425001	5450000
res[25]	5450001	5475000
res[26]	5475001	5500000
res[27]	5500001	5525000
res[28]	5525001	5550000
res[29]	5550001	5575000
res[30]	5575001	5600000
res[31]	5600001	5625000
res[32]	5625001	5650000
res[33]	5650001	5675000
res[34]	5675001	5700000
res[35]	5700001	5725000
res[36]	5725001	5750000
res[37]	5750001	5775000
res[38]	5775001	5800000
res[39]	5800001	5825000
res[40]	5825001	5850000
res[41]	5850001	5875000
res[42]	5875001	5900000
res[43]	5900001	5925000
res[44]	5925001	5950000
res[45]	5950001	5975000
res[46]	5975001	6000000
res[47]	6000001	6025000
res[48]	6025001	6050000
res[49]	6050001	6075000
res[50]	6075001	6100000
res[51]	6100001	6125000
res[52]	6125001	6150000
res[53]	6150001	6175000
res[54]	6175001	6200000
res[55]	6200001	6225000
res[56]	6225001	6250000
res[57]	6250001	6275000
res[58]	6275001	6300000
res[59]	6300001	6325000
res[60]	6325001	6350000
res[61]	6350001	6375000
res[62]	6375001	6400000
res[63]	6400001	6425000
res[64]	6425001	6450000
res[65]	6450001	6475000
res[66]	6475001	6500000
res[67]	6500001	6525000
res[68]	6525001	6550000
res[69]	6550001	6575000
res[70]	6575001	6600000
res[71]	6600001	6625000
res[72]	6625001	6650000
res[73]	6650001	6675000
res[74]	6675001	6700000
res[75]	6700001	6725000
res[76]	6725001	6750000
res[77]	6750001	6775000
res[78]	6775001	6800000
res[79]	6800001	6825000
res[80]	6825001	6850000
res[81]	6850001	6875000
res[82]	6875001	6900000
res[83]	6900001	6925000
res[84]	6925001	6950000
res[85]	6950001	6975000
res[86]	6975001	7000000
res[87]	7000001	7025000
res[88]	7025001	7050000
res[89]	7050001	7075000
res[90]	7075001	7100000
res[91]	7100001	7125000
res[92]	7125001	7150000
res[93]	7150001	7175000
res[94]	7175001	7200000
res[95]	7200001	7225000
res[96]	7225001	7250000
res[97]	7250001	7275000
res[98]	7275001	7300000
res[99]	7300001	7325000
res[100]	7325001	7350000
res[101]	7350001	7375000
res[102]	7375001	7400000
res[103]	7400001	7425000
res[104]	7425001	7450000
res[105]	7450001	7475000
res[106]	7475001	7500000
res[107]	7500001	7525000
res[108]	7525001	7550000
res[109]	7550001	7575000
res[110]	7575001	7600000
res[111]	7600001	7625000
res[112]	7625001	7650000
res[113]	7650001	7675000
res[114]	7675001	7700000
res[115]	7700001	7725000
res[116]	7725001	7750000
res[117]	7750001	7775000
res[118]	7775001	7800000
res[119]	7800001	7825000
res[120]	7825001	7850000
res[121]	7850001	7875000
res[122]	7875001	7900000
res[123]	7900001	7925000
res[124]	7925001	7950000
res[125]	7950001	7975000
res[126]	7975001	8000000
res[127]	8000001	8025000
res[128]	8025001	8050000
res[129]	8050001	8075000
res[130]	8075001	8100000
res[131]	8100001	8125000
res[132]	8125001	8150000
res[133]	8150001	8175000
res[134]	8175001	8200000
res[135]	8200001	8225000
res[136]	8225001	8250000
res[137]	8250001	8275000
res[138]	8275001	8300000
res[139]	8300001	8325000
res[140]	8325001	8350000
res[141]	8350001	8375000
res[142]	8375001	8400000
res[143]	8400001	8425000
res[144]	8425001	8450000
res[145]	8450001	8475000
res[146]	8475001	8500000
res[147]	8500001	8525000
res[148]	8525001	8550000
res[149]	8550001	8575000
res[150]	8575001	8600000
res[151]	8600001	8625000
res[152]	8625001	8650000
res[153]	8650001	8675000
res[154]	8675001	8700000
res[155]	8700001	8725000
res[156]	8725001	8750000
res[157]	8750001	8775000
res[158]	8775001	8800000
res[159]	8800001	8825000
res[160]	8825001	8850000
res[161]	8850001	8875000
res[162]	8875001	8900000
res[163]	8900001	8925000
res[164]	8925001	8950000
res[165]	8950001	8975000
res[166]	8975001	9000000
res[167]	9000001	9025000
res[168]	9025001	9050000
res[169]	9050001	9075000
res[170]	9075001	9100000
res[171]	9100001	9125000
res[172]	9125001	9150000
res[173]	9150001	9175000
res[174]	9175001	9200000
res[175]	9200001	9225000
res[176]	9225001	9250000
res[177]	9250001	9275000
res[178]	9275001	9300000
res[179]	9300001	9325000
res[180]	9325001	9350000
res[181]	9350001	9375000
res[182]	9375001	9400000
res[183]	9400001	9425000
res[184]	9425001	9450000
res[185]	9450001	9475000
res[186]	9475001	9500000
res[187]	9500001	9525000
res[188]	9525001	9550000
res[189]	9550001	9575000
res[190]	9575001	9600000
sigma2	9600001	9625000
wt.pred[1]	9625001	9650000
wt.pred[2]	9650001	9675000
wt.pred[3]	9675001	9700000
wt.pred[4]	9700001	9725000
wt.pred[5]	9725001	9750000
wt.pred[6]	9750001	9775000
wt.pred[7]	9775001	9800000
wt.pred[8]	9800001	9825000
wt.pred[9]	9825001	9850000
wt.pred[10]	9850001	9875000
wt.pred[11]	9875001	9900000
wt.pred[12]	9900001	9925000
wt.pred[13]	9925001	9950000
wt.pred[14]	9950001	9975000
wt.pred[15]	9975001	10000000
wt.pred[16]	10000001	10025000
wt.pred[17]	10025001	10050000
wt.pred[18]	10050001	10075000
wt.pred[19]	10075001	10100000
wt.pred[20]	10100001	10125000
wt.pred[21]	10125001	10150000
wt.pred[22]	10150001	10175000
wt.pred[23]	10175001	10200000
wt.pred[24]	10200001	10225000
wt.pred[25]	10225001	10250000
wt.pred[26]	10250001	10275000
wt.pred[27]	10275001	10300000
wt.pred[28]	10300001	10325000
wt.pred[29]	10325001	10350000
wt.pred[30]	10350001	10375000
wt.pred[31]	10375001	10400000
wt.pred[32]	10400001	10425000
wt.pred[33]	10425001	10450000
wt.pred[34]	10450001	10475000
wt.pred[35]	10475001	10500000
wt.pred[36]	10500001	10525000
wt.pred[37]	10525001	10550000
wt.pred[38]	10550001	10575000
wt.pred[39]	10575001	10600000
wt.pred[40]	10600001	10625000
wt.pred[41]	10625001	10650000
wt.pred[42]	10650001	10675000
wt.pred[43]	10675001	10700000
wt.pred[44]	10700001	10725000
wt.pred[45]	10725001	10750000
wt.pred[46]	10750001	10775000
wt.pred[47]	10775001	10800000
wt.pred[48]	10800001	10825000
wt.pred[49]	10825001	10850000
wt.pred[50]	10850001	10875000
wt.pred[51]	10875001	10900000
wt.pred[52]	10900001	10925000
wt.pred[53]	10925001	10950000
wt.pred[54]	10950001	10975000
wt.pred[55]	10975001	11000000
wt.pred[56]	11000001	11025000
wt.pred[57]	11025001	11050000
wt.pred[58]	11050001	11075000
wt.pred[59]	11075001	11100000
wt.pred[60]	11100001	11125000
wt.pred[61]	11125001	11150000
wt.pred[62]	11150001	11175000
wt.pred[63]	11175001	11200000
wt.pred[64]	11200001	11225000
wt.pred[65]	11225001	11250000
wt.pred[66]	11250001	11275000
wt.pred[67]	11275001	11300000
wt.pred[68]	11300001	11325000
wt.pred[69]	11325001	11350000
wt.pred[70]	11350001	11375000
wt.pred[71]	11375001	11400000
wt.pred[72]	11400001	11425000
wt.pred[73]	11425001	11450000
wt.pred[74]	11450001	11475000
wt.pred[75]	11475001	11500000
wt.pred[76]	11500001	11525000
wt.pred[77]	11525001	11550000
wt.pred[78]	11550001	11575000
wt.pred[79]	11575001	11600000
wt.pred[80]	11600001	11625000
wt.pred[81]	11625001	11650000
wt.pred[82]	11650001	11675000
wt.pred[83]	11675001	11700000
wt.pred[84]	11700001	11725000
wt.pred[85]	11725001	11750000
wt.pred[86]	11750001	11775000
wt.pred[87]	11775001	11800000
wt.pred[88]	11800001	11825000
wt.pred[89]	11825001	11850000
wt.pred[90]	11850001	11875000
wt.pred[91]	11875001	11900000
wt.pred[92]	11900001	11925000
wt.pred[93]	11925001	11950000
wt.pred[94]	11950001	11975000
wt.pred[95]	11975001	12000000
wt.pred[96]	12000001	12025000
wt.pred[97]	12025001	12050000
wt.pred[98]	12050001	12075000
wt.pred[99]	12075001	12100000
wt.pred[100]	12100001	12125000
wt.pred[101]	12125001	12150000
wt.pred[102]	12150001	12175000
wt.pred[103]	12175001	12200000
wt.pred[104]	12200001	12225000
wt.pred[105]	12225001	12250000
wt.pred[106]	12250001	12275000
wt.pred[107]	12275001	12300000
wt.pred[108]	12300001	12325000
wt.pred[109]	12325001	12350000
wt.pred[110]	12350001	12375000
wt.pred[111]	12375001	12400000
wt.pred[112]	12400001	12425000
wt.pred[113]	12425001	12450000
wt.pred[114]	12450001	12475000
wt.pred[115]	12475001	12500000
wt.pred[116]	12500001	12525000
wt.pred[117]	12525001	12550000
wt.pred[118]	12550001	12575000
wt.pred[119]	12575001	12600000
wt.pred[120]	12600001	12625000
wt.pred[121]	12625001	12650000
wt.pred[122]	12650001	12675000
wt.pred[123]	12675001	12700000
wt.pred[124]	12700001	12725000
wt.pred[125]	12725001	12750000
wt.pred[126]	12750001	12775000
wt.pred[127]	12775001	12800000
wt.pred[128]	12800001	12825000
wt.pred[129]	12825001	12850000
wt.pred[130]	12850001	12875000
wt.pred[131]	12875001	12900000
wt.pred[132]	12900001	12925000
wt.pred[133]	12925001	12950000
wt.pred[134]	12950001	12975000
wt.pred[135]	12975001	13000000
wt.pred[136]	13000001	13025000
wt.pred[137]	13025001	13050000
wt.pred[138]	13050001	13075000
wt.pred[139]	13075001	13100000
wt.pred[140]	13100001	13125000
wt.pred[141]	13125001	13150000
wt.pred[142]	13150001	13175000
wt.pred[143]	13175001	13200000
wt.pred[144]	13200001	13225000
wt.pred[145]	13225001	13250000
wt.pred[146]	13250001	13275000
wt.pred[147]	13275001	13300000
wt.pred[148]	13300001	13325000
wt.pred[149]	13325001	13350000
wt.pred[150]	13350001	13375000
wt.pred[151]	13375001	13400000
wt.pred[152]	13400001	13425000
wt.pred[153]	13425001	13450000
wt.pred[154]	13450001	13475000
wt.pred[155]	13475001	13500000
wt.pred[156]	13500001	13525000
wt.pred[157]	13525001	13550000
wt.pred[158]	13550001	13575000
wt.pred[159]	13575001	13600000
wt.pred[160]	13600001	13625000
wt.pred[161]	13625001	13650000
wt.pred[162]	13650001	13675000
wt.pred[163]	13675001	13700000
wt.pred[164]	13700001	13725000
wt.pred[165]	13725001	13750000
wt.pred[166]	13750001	13775000
wt.pred[167]	13775001	13800000
wt.pred[168]	13800001	13825000
wt.pred[169]	13825001	13850000
wt.pred[170]	13850001	13875000
wt.pred[171]	13875001	13900000
wt.pred[172]	13900001	13925000
wt.pred[173]	13925001	13950000
wt.pred[174]	13950001	13975000
wt.pred[175]	13975001	14000000
wt.pred[176]	14000001	14025000
wt.pred[177]	14025001	14050000
wt.pred[178]	14050001	14075000
wt.pred[179]	14075001	14100000
wt.pred[180]	14100001	14125000
wt.pred[181]	14125001	14150000
wt.pred[182]	14150001	14175000
wt.pred[183]	14175001	14200000
wt.pred[184]	14200001	14225000
wt.pred[185]	14225001	14250000
wt.pred[186]	14250001	14275000
wt.pred[187]	14275001	14300000
wt.pred[188]	14300001	14325000
wt.pred[189]	14325001	14350000
wt.pred[190]	14350001	14375000
